sol_set =

         0   -0.0254   -0.0500   -0.0724   -0.0916   -0.1070   -0.1195   -0.1301   -0.1363   -0.1412
         0    0.0425    0.0895    0.1399    0.1925    0.2458    0.3015    0.3616    0.4207    0.4861
         0    0.1053    0.2086    0.3076    0.3998    0.4837    0.5628    0.6404    0.7079    0.7760
         0   -0.0179   -0.0363   -0.0551   -0.0739   -0.0918   -0.1096   -0.1298   -0.1453   -0.1656